             r        K          a         eps           m sig.var_P
mean 5.4280341 556.0778 0.46254203 0.006257019 0.083329257  860.8628
sd   0.5002612 252.0278 0.05476148 0.001559270 0.016905211  229.6085
min  2.4606977 100.0895 0.22790250 0.001045179 0.001009373  403.7311
max  5.9999848 999.8632 0.72779422 0.009996821 0.099998184 2652.0134
q025 5.2035637 359.2739 0.43196438 0.005310555 0.077753432  701.4763
q050 5.5572978 561.8052 0.47174986 0.006208137 0.088662259  822.9739
q075 5.8052086 764.6675 0.50157854 0.007292308 0.094937272  968.4107
     sig.var_H
mean  51.97285
sd    12.37107
min   23.98914
max  133.71246
q025  43.14057
q050  50.62689
q075  59.13963
