             r        K          a         eps            m  sig.var_P
mean 5.1303254 629.1076 0.12699045 0.006864378 4.795162e-02  48122.009
sd   0.7015923 178.7323 0.02623361 0.001842786 2.643111e-02   9492.593
min  1.8210448 123.0785 0.10000134 0.001168049 1.949947e-06  25233.925
max  5.9999905 999.9752 0.33093508 0.009999425 9.997718e-02 102886.029
q025 4.7353053 497.9512 0.10875200 0.005541567 2.697453e-02  41473.295
q050 5.2949711 626.2690 0.11971721 0.006970490 4.688130e-02  46982.860
q075 5.6872760 760.8786 0.13747273 0.008363697 6.915876e-02  53887.675
     sig.var_H
mean 4333.2017
sd    863.8789
min  2298.6364
max  9978.2457
q025 3722.7777
q050 4220.6352
q075 4838.5624
